Measured CPU time of the tick function, see main.c
3659
2047
1786
1104
1050
1040
979
1021
967
966
977
999
969
1065
1065
1013
982
976
981
975
979
1081
993
1022
1294
1033
1018
1030
1061
1080
1189
999
1019
1011
975
970
973
1027
1061
976
1000
972
1154
1015
1031
1031
1004
1070
968
986
963
957
958
992
1001
962
1028
1382
1052
1057
1676
1380
1012
1082
1072
1007
1014
1037
1002
999
1003
1049
1007
1007
1042
1012
1098
1010
982
1041
1016
983
989
978
1013
979
1002
1227
1170
2312
2360
1553
2338
1508
1008
1021
1060
990
1016
985
980
1006
1002
1013
974
1003
983
975
992
972
968
1030
1058
977
1075
1151
1132
1105
1119
1259
1969
1359
1767
1187
1892
1163
999
1130
1229
1404
1098
1068
998
1017
1001
1005
1021
998
1000
1000
1057
1007
980
1514
1174
1052
1008
1592
1751
1013
1191
1043
1065
1022
997
991
986
1032
976
976
1003
1064
1010
1117
987
984
998
1035
1019
1007
994
997
1002
1188
1054
1051
1055
1044
1845
1497
1059
1163
1004
999
1212
991
1064
1006
1022
991
1014
1021
1004
1085
1030
996
1005
1049
1001
1001
1000
1110
1005
1008
1363
1865
2557
1476
1127
1049
1156
1025
994
1037
994
983
984
1001
984
991
1188
1013
1025
1032
1006
1000
1005
1001
997
1009
1026
1091
998
1205
1084
1062
1063
1546
1942
1044
1126
1079
1003
1002
1043
1037
1045
1058
994
983
981
1018
1083
997
1123
992
997
1135
1015
1014
1008
981
987
992
1133
1338
1057
1172
1032
1052
1052
1020
1208
996
1000
988
1028
1012
1077
1053
982
988
1028
1000
1017
991
1029
1015
1112
1026
982
982
1002
1068
1005
1040
1514
1057
1151
1316
1050
1098
1004
1134
1029
987
990
1023
990
999
1038
1001
998
1000
1026
1042
1023
1044
993
992
1032
1001
1000
1009
1008
1075
1020
1029
1939
1226
1107
1531
1227
1058
1165
1043
1019
1007
1042
1007
1005
1050
1006
998
1040
1023
1042
1029
1083
988
991
1023
992
1004
1030
1003
999
1015
1301
1165
2353
2432
2590
1879
1046
1080
1037
1073
1053
994
990
1046
1010
1027
1011
1001
1000
992
1042
993
996
1023
1072
996
1039
1367
1047
1040
1205
1249
1119
1175
1036
1037
998
1006
1026
990
1006
1012
990
992
997
1037
1215
1046
1033
994
991
1015
1044
992
1076
1047
1012
1151
1399
1032
1065
1068
1060
1100
1015
1118
1039
1108
1211
1051
1020
1020
1018
1042
1057
1026
1051
1787
1011
1046
982
991
1021
1192
1009
1018
1022
984
1492
1265
2232
2054
1641
988
1179
1025
989
1008
987
987
1085
1011
979
995
1021
1022
999
1011
1016
992
1020
986
983
988
1004
1065
988
1025
1321
2246
2280
1144
1064
1147
1050
989
989
1009
1001
992
1051
1008
1040
995
1033
1016
980
1007
984
1017
985
982
988
978
1015
981
1073
1461
1038
1031
1037
1022
1026
1075
1138
1060
1030
996
1016
1049
984
984
1026
982
977
984
1010
1004
1009
988
1257
980
1008
995
975
982
1000
983
982
1044
1252
1087
1188
1705
1799
1009
1103
1023
986
987
1011
985
1066
1179
981
975
1001
1041
1050
990
1005
973
986
997
985
976
972
967
1071
1475
1940
1953
1055
1094
1091
1166
1017
1005
976
966
1010
978
972
974
993
974
979
1033
1003
1111
995
990
974
1007
977
981
985
1005
982
971
996
1341
1105
1061
1189
1737
1775
2093
1745
2110
1364
1031
1012
1034
1036
1047
1053
1010
1016
1022
996
1055
1051
1140
1047
1143
1251
1309
1054
1027
1022
1009
1041
1078
976
1069
1031
965
962
965
981
966
979
1043
959
974
1002
996
1000
959
988
995
967
995
969
980
982
976
1041
976
1001
1430
1090
1009
1029
994
1086
1016
1170
1004
978
976
1013
974
973
970
996
975
977
999
1011
974
974
972
962
969
989
960
963
1047
1376
1008
1055
1205
1168
2356
1744
1958
1763
1042
1034
1043
986
988
1023
995
991
991
1016
1008
1023
1000
991
1085
1017
1002
988
987
982
975
972
985
1232
1113
1109
1149
1181
1104
1655
1329
997
997
1028
984
976
1075
1086
977
984
1025
1002
1047
1014
992
986
1107
990
985
1360
1086
1027
1031
989
1173
1025
1024
1066
1069
1819
1135
1017
980
1010
1035
1015
980
1015
1000
979
978
1006
1016
1034
1125
1018
1000
988
1009
1005
1003
1030
999
1363
1156
1665
2294
2023
1763
1329
1117
1005
1008
1037
1015
1005
1011
1019
1032
1063
1036
994
1120
978
974
1054
996
1285
1027
1221
1161
1029
1200
1084
1061
1165
1301
1104
1025
1814
1200
986
986
1181
982
991
1022
1054
994
1018
1043
994
1019
1011
985
1008
1015
972
972
997
979
1032
1069
1460
1102
2073
1531
2005
1123
1227
1507
1017
1026
978
978
1007
968
979
1016
1000
1016
974
1019
989
1162
1169
1037
1021
1038
994
993
1013
1445
1058
1043
1082
1021
1100
1047
1129
1024
1162
989
1014
979
974
962
1004
970
983
1002
992
1021
1000
975
977
1047
987
974
981
1000
973
976
1000
1330
1036
1027
1008
1061
1076
998
1126
1165
995
1014
1013
1038
1008
1023
1039
1331
1029
1038
1057
1009
1046
1472
1133
1064
1023
1016
1030
1020
1066
1153
1412
2058
1376
1530
1539
1142
1094
1007
996
1021
990
992
1129
986
989
1028
1004
995
986
1045
1206
979
1014
981
981
1010
981
975
1129
1222
1207
1064
1104
1517
1920
1006
1175
1001
978
1026
980
1072
983
1005
978
980
1028
1068
984
1395
1150
1024
1079
981
980
1023
1078
1095
1017
994
1352
1052
1018
1038
1064
1060
1102
1022
