Measured CPU time of the tick function, see main.c
11068
6731
6726
6752
6882
7450
7306
7742
7704
7282
7771
6928
6962
7461
7585
7272
7386
6951
6877
6638
6682
6765
6934
6931
6894
6922
6747
6886
6789
6786
6831
6768
6815
6707
6736
6779
7197
7074
6701
6747
6639
6779
6783
6789
6737
6814
6625
6728
6633
6648
6640
6633
6980
6582
6736
6601
7552
7014
6697
6658
6688
6681
6683
6659
6655
6606
6718
7092
6652
6678
6610
6631
6643
6752
6728
6607
6751
6644
6680
6657
6662
6650
6885
6706
6734
6660
6722
6625
6692
6682
6649
6722
6636
6728
6654
6662
6730
6846
6864
6722
6644
6746
6770
6701
6720
6638
6772
6700
6649
6790
6619
6710
6743
6895
6679
6675
6692
6671
6693
6820
6634
6751
6726
6658
6891
6648
6770
6752
7098
6730
6763
6775
6820
6781
6764
6684
6804
6657
6876
6656
6775
6735
6713
7067
6787
6679
6768
6636
6785
6647
6726
6706
6692
6774
6689
6640
6761
6651
7109
6673
6739
6659
6879
6738
6645
6790
6643
6687
6695
6711
6727
6715
6880
7096
6675
6843
6645
6732
6753
6769
6767
6690
6634
6860
6706
6843
6687
6680
7074
6761
6806
6804
6785
6786
6703
6862
6679
6787
8089
6987
6772
6824
6883
7246
7038
7255
6844
6980
6690
6873
6965
7093
7007
6790
6820
6804
6813
6991
7064
6928
6919
6957
6832
6848
6841
6795
6843
6820
6787
6936
6793
6921
7095
7114
6836
6833
6896
6884
6908
6916
6829
6930
6922
6959
6862
6961
6851
7284
6977
7032
6955
6879
6911
6941
6899
6929
6931
6969
6868
6918
6980
7044
7383
6891
6987
6963
6940
6999
7012
6967
6968
6900
7074
6927
7008
6911
7431
7023
7155
6993
6961
6989
6986
6931
6947
6902
7040
6963
7073
6940
7084
7318
7005
6962
6955
6956
6955
6925
6998
6876
6964
6914
7035
6901
6933
7309
7391
7235
7140
7007
7025
6977
7079
6967
7093
7257
7329
7179
7025
7255
7489
7136
7052
7150
7407
7107
7106
7105
7366
7372
7103
7107
7311
7425
7772
7195
7098
7165
7034
7071
7108
7072
7143
7079
7120
7092
7016
7159
7580
7092
7107
7120
7120
7034
7205
7065
7186
7061
7200
7054
7107
7129
7773
7351
7161
7153
7072
7294
7050
7093
7105
7113
7145
7122
7137
7096
7400
7374
7038
7163
7053
7197
7064
7097
7124
7075
7101
7110
7062
7080
7327
7463
7118
7220
7116
7146
7107
7058
7168
7067
7210
7055
7187
7054
7127
7524
7115
7177
7135
7147
7176
7083
7238
7074
7220
7124
7264
7124
7323
7739
7105
7256
7140
7257
7108
7273
7168
7192
7294
7249
7291
7324
7282
7703
7261
7387
7304
7371
7326
7344
7364
7400
7332
7349
7484
7376
7622
7705
7551
7387
7463
7361
7331
7413
7445
7495
7337
7474
7719
7455
7601
7636
7381
7397
7426
7383
7460
7446
7549
7403
7546
7467
7664
7518
8063
7558
7526
7500
7513
7576
7502
7627
7515
7510
7548
7541
7563
7889
7736
7596
7663
7514
7608
7528
7640
7491
7603
7599
7565
7721
7675
8010
7578
7705
7576
7717
7574
7633
7631
7675
7688
7579
7732
7625
8100
7595
7705
7598
7777
7660
7708
7787
7647
7774
7635
7843
7608
8175
7639
7666
7677
7720
7708
7706
7644
7681
7702
7630
7715
7633
8023
7801
7640
7575
7718
7599
7672
7575
7686
7707
7668
7799
7647
7880
7939
7710
7588
7719
7607
7675
7551
7617
7732
7597
7738
7594
7815
8145
7719
7659
7675
7680
7659
7678
7580
7743
7709
7726
7611
7688
8069
7587
7613
7714
7688
7816
7588
7714
7621
7608
7654
7597
7648
8036
7847
7567
7736
7615
7709
7664
7764
7773
7631
7958
7755
7716
7769
7855
7484
7562
7461
7624
7525
7503
7576
7491
7595
7445
7565
7549
7978
7563
7580
7575
7453
7387
7370
7406
7320
7605
7347
7484
7337
7739
7564
7339
7373
7260
7391
7249
7315
7208
7348
7208
7236
7272
7298
7620
7405
7214
7197
7156
7288
7191
7205
7199
7210
7312
7248
7186
7166
7538
7284
7213
7108
7179
7081
7198
7168
7085
7085
7078
7106
7073
7030
7383
7248
7099
6998
7066
7031
6996
7027
7008
6993
7095
6947
7018
6888
6967
7334
6992
6831
6849
6853
6884
6961
6822
6825
6873
6827
6839
6817
6851
6913
7244
6809
6688
6816
6666
6663
6780
6640
6711
6714
6693
6669
6668
6663
6702
7007
6788
6630
6991
6567
6641
6663
6638
6591
6574
6509
6706
6527
6589
6472
6834
6724
6436
6527
6383
6507
6454
6460
6484
6505
6375
6553
6391
6427
6422
6467
6865
6399
6384
6316
6295
6287
6344
6240
6335
6231
6247
6244
6176
6353
6203
6172
6692
6461
6334
6470
6260
6128
6165
6083
6055
6289
6147
6018
6433
6018
5958
5938
6222
6202
5947
5976
5931
5831
5934
5858
5888
5838
5796
5901
5815
5813
5865
5753
5789
5902
6075
5734
5753
5742
5634
5758
5632
5623
5679
5629
5636
5651
5552
5548
5592
5569
5538
5736
5785
5623
5475
5437
5522
5442
5375
5412
5352
5379
5359
5374
5372
5316
5367
5287
5300
5387
5517
5545
5347
5247
5354
5335
5254
5320
5258
5278
5238
5243
5261
5233
5194
5243
5159
5151
5232
5274
5529
5190
5110
5133
5150
5134
5184
5134
5161
5111
5088
5238
5083
5043
5213
5031
5032
5103
5040
5235
5326
4954
5001
4959
4994
5029
4932
5033
5007
4894
4995
4893
4887
4943
4974
4874
4839
4816
4993
4863
5031
4959
4767
4742
4917
4758
4899
4796
4760
4839
4704
4830
4824
4716
4726
4727
4693
4681
4819
4678
4650
5009
4822
4706
4641
4684
4699
4592
4752
4634
4685
4568
4791
4533
4549
4596
4601
4560
4619
4581
4497
4596
4476
4760
4662
4484
4429
4593
4460
4443
4456
4424
4422
4367
4536
4489
4433
4454
4422
4404
5028
4391
4362
4454
4292
4392
4514
4396
4243
4407
4267
4216
4265
4345
4312
4201
4224
4284
4197
4275
4200
4240
4228
4142
4175
4190
4211
4097
4095
4294
4331
4152
4088
4093
4027
3983
4143
4037
3998
3974
3929
4022
3929
